24
Drosophila_virilis        0.0000000 0.0389336 0.1331532 0.1374817 0.1364890 0.1393483 0.6339151 2.0873824 1.2448650 0.5328793 0.6481969 0.6030411 9.0000000 9.0000000 9.0000000 9.0000000 9.0000000 9.0000000 9.0000000 9.0000000 9.0000000 9.0000000 9.0000000 9.0000000 
Drosophila_mojavensis     0.0389336 0.0000000 0.1254551 0.1289839 0.1250914 0.1305740 0.6471631 2.0812847 1.2258895 0.5337016 0.6464751 0.6020965 9.0000000 9.0000000 9.0000000 9.0000000 9.0000000 9.0000000 9.0000000 9.0000000 9.0000000 9.0000000 9.0000000 9.0000000 
Drosophila_willistoni     0.1331532 0.1254551 0.0000000 0.0666107 0.0653189 0.0677979 0.8129954 9.0000000 1.5675584 0.6416855 0.7689504 0.7313164 9.0000000 9.0000000 9.0000000 9.0000000 9.0000000 9.0000000 9.0000000 9.0000000 9.0000000 9.0000000 9.0000000 9.0000000 
Drosophila_melanogaster   0.1374817 0.1289839 0.0666107 0.0000000 0.0339610 0.0511155 0.7964845 9.0000000 1.5239624 0.6516583 0.7667594 0.7204377 9.0000000 9.0000000 9.0000000 9.0000000 9.0000000 9.0000000 9.0000000 9.0000000 9.0000000 9.0000000 9.0000000 9.0000000 
Drosophila_ananassae      0.1364890 0.1250914 0.0653189 0.0339610 0.0000000 0.0471600 0.7983441 9.0000000 1.5568284 0.6551439 0.7676346 0.7236364 9.0000000 9.0000000 9.0000000 9.0000000 9.0000000 9.0000000 9.0000000 9.0000000 9.0000000 9.0000000 9.0000000 9.0000000 
Drosophila_pseudoobscura  0.1393483 0.1305740 0.0677979 0.0511155 0.0471600 0.0000000 0.8110806 9.0000000 1.5340029 0.6661061 0.7769187 0.7395302 9.0000000 9.0000000 9.0000000 9.0000000 9.0000000 9.0000000 9.0000000 9.0000000 9.0000000 9.0000000 9.0000000 9.0000000 
Drosophila_grimshawi      0.6339151 0.6471631 0.8129954 0.7964845 0.7983441 0.8110806 0.0000000 0.8011465 0.7370519 0.9687273 1.2425949 1.1778861 0.4610550 1.0411853 1.3356846 1.6105714 1.5484072 0.5802469 0.9726721 9.0000000 9.0000000 9.0000000 0.8300702 9.0000000 
Drosophila_nanella        2.0873824 2.0812847 9.0000000 9.0000000 9.0000000 9.0000000 0.8011465 0.0000000 0.4122689 0.6579499 0.6802477 0.6820900 0.6084277 0.3490801 0.4537539 0.5915141 0.5051758 0.7671968 0.8544777 1.1651152 1.1507739 1.1517173 1.1153045 1.5653939 
Drosophila_cfdives        1.2448650 1.2258895 1.5675584 1.5239624 1.5568284 1.5340029 0.7370519 0.4122689 0.0000000 0.6180774 0.6729457 0.6282483 0.6921575 0.4679830 0.5132742 0.7028165 0.5622082 0.8676781 0.9469430 1.0780937 1.0838315 1.0879706 1.1118049 1.4711827 
Scaptomyza_cyrtandrae     0.5328793 0.5337016 0.6416855 0.6516583 0.6551439 0.6661061 0.9687273 0.6579499 0.6180774 0.0000000 0.2573349 0.2105057 0.8330568 0.7292839 0.7895719 0.9189039 0.8340563 0.9450656 1.1808801 0.5745582 0.5742606 0.5715899 1.0980465 0.8834402 
Scaptomyza_varipicta      0.6481969 0.6464751 0.7689504 0.7667594 0.7676346 0.7769187 1.2425949 0.6802477 0.6729457 0.2573349 0.0000000 0.2440943 0.8163640 0.7424372 0.7457803 0.8192696 0.7809510 0.8940433 1.0226096 0.5921304 0.5881378 0.5878320 1.0636349 0.8441628 
Scaptomyza_varia          0.6030411 0.6020965 0.7313164 0.7204377 0.7236364 0.7395302 1.1778861 0.6820900 0.6282483 0.2105057 0.2440943 0.0000000 0.8053798 0.7012798 0.7184488 0.8602430 0.7733616 0.8957382 1.0411853 0.5196353 0.5258082 0.5266190 1.0204262 0.7850161 
Drosophila_macrothrix     9.0000000 9.0000000 9.0000000 9.0000000 9.0000000 9.0000000 0.4610550 0.6084277 0.6921575 0.8330568 0.8163640 0.8053798 0.0000000 0.5244597 0.5748560 0.5445174 0.5552857 0.2907895 0.3826089 1.0125010 0.9880889 1.0025927 0.5350753 0.9296892 
Drosophila_mimica         9.0000000 9.0000000 9.0000000 9.0000000 9.0000000 9.0000000 1.0411853 0.3490801 0.4679830 0.7292839 0.7424372 0.7012798 0.5244597 0.0000000 0.3982642 0.4836207 0.3881147 0.5946034 0.6164561 0.8839927 0.8878773 0.8806869 0.8315613 0.9363967 
Drosophila_atroscutellata 9.0000000 9.0000000 9.0000000 9.0000000 9.0000000 9.0000000 1.3356846 0.4537539 0.5132742 0.7895719 0.7457803 0.7184488 0.5748560 0.3982642 0.0000000 0.4836207 0.2874253 0.5939840 0.5869156 0.8467216 0.8441628 0.8467216 0.8063255 0.8375704 
Drosophila_primaeva       9.0000000 9.0000000 9.0000000 9.0000000 9.0000000 9.0000000 1.6105714 0.5915141 0.7028165 0.9189039 0.8192696 0.8602430 0.5445174 0.4836207 0.4836207 0.0000000 0.4401461 0.4906191 0.4677425 0.7738048 0.7805014 0.7863785 0.7066790 0.6861672 
Drosophila_tanythrix      9.0000000 9.0000000 9.0000000 9.0000000 9.0000000 9.0000000 1.5484072 0.5051758 0.5622082 0.8340563 0.7809510 0.7733616 0.5552857 0.3881147 0.2874253 0.4401461 0.0000000 0.5408861 0.5383875 0.7738048 0.7671968 0.7693898 0.7137076 0.7035866 
Drosophila_sproati        9.0000000 9.0000000 9.0000000 9.0000000 9.0000000 9.0000000 0.5802469 0.7671968 0.8676781 0.9450656 0.8940433 0.8957382 0.2907895 0.5946034 0.5939840 0.4906191 0.5408861 0.0000000 0.2931580 0.7196412 0.7129217 0.7109625 0.3832177 0.5742606 
Drosophila_picticornis    9.0000000 9.0000000 9.0000000 9.0000000 9.0000000 9.0000000 0.9726721 0.8544777 0.9469430 1.1808801 1.0226096 1.0411853 0.3826089 0.6164561 0.5869156 0.4677425 0.5383875 0.2931580 0.0000000 0.6765834 0.6682559 0.6700545 0.4392368 0.5130109 
Scaptomyza_hsui           9.0000000 9.0000000 9.0000000 9.0000000 9.0000000 9.0000000 9.0000000 1.1651152 1.0780937 0.5745582 0.5921304 0.5196353 1.0125010 0.8839927 0.8467216 0.7738048 0.7738048 0.7196412 0.6765834 0.0000000 0.0252520 0.0261460 0.1900860 0.1645325 
Scaptomyza_graminum       9.0000000 9.0000000 9.0000000 9.0000000 9.0000000 9.0000000 9.0000000 1.1507739 1.0838315 0.5742606 0.5881378 0.5258082 0.9880889 0.8878773 0.8441628 0.7805014 0.7671968 0.7129217 0.6682559 0.0252520 0.0000000 0.0125150 0.1833699 0.1649260 
Scaptomyza_montana        9.0000000 9.0000000 9.0000000 9.0000000 9.0000000 9.0000000 9.0000000 1.1517173 1.0879706 0.5715899 0.5878320 0.5266190 1.0025927 0.8806869 0.8467216 0.7863785 0.7693898 0.7109625 0.6700545 0.0261460 0.0125150 0.0000000 0.1843239 0.1668982 
Drosophila_murphyi        9.0000000 9.0000000 9.0000000 9.0000000 9.0000000 9.0000000 0.8300702 1.1153045 1.1118049 1.0980465 1.0636349 1.0204262 0.5350753 0.8315613 0.8063255 0.7066790 0.7137076 0.3832177 0.4392368 0.1900860 0.1833699 0.1843239 0.0000000 0.2357099 
Scaptomyza_pallida        9.0000000 9.0000000 9.0000000 9.0000000 9.0000000 9.0000000 9.0000000 1.5653939 1.4711827 0.8834402 0.8441628 0.7850161 0.9296892 0.9363967 0.8375704 0.6861672 0.7035866 0.5742606 0.5130109 0.1645325 0.1649260 0.1668982 0.2357099 0.0000000 
