24
Drosophila_virilis        0.0000000 0.0144782 0.0232600 0.0249239 0.0254798 0.0338928 0.0702511 0.1406798 0.1628739 0.1068374 0.1463137 0.1094621 0.2343680 0.2326816 0.2621529 0.4957282 0.3637796 0.4844601 0.9309050 0.8241179 0.8241179 0.8296429 1.0282260 9.0000000 
Drosophila_mojavensis     0.0144782 0.0000000 0.0216016 0.0232600 0.0238140 0.0310727 0.0660112 0.1385834 0.1577755 0.1035758 0.1441935 0.1088046 0.2284905 0.2284905 0.2612608 0.4971547 0.3692802 0.4802992 0.9208036 0.8105670 0.8159434 0.8213782 1.0241108 9.0000000 
Drosophila_willistoni     0.0232600 0.0216016 0.0000000 0.0210501 0.0216016 0.0277094 0.0733017 0.1427851 0.1650749 0.1074923 0.1470224 0.1127624 0.2454700 0.2335241 0.2684423 0.5000200 0.3714975 0.4943057 0.9624944 0.7999846 0.7999846 0.8052478 1.0079803 9.0000000 
Drosophila_melanogaster   0.0249239 0.0232600 0.0210501 0.0000000 0.0155675 0.0260363 0.0739141 0.1434888 0.1672856 0.1068374 0.1463137 0.1134251 0.2446072 0.2293259 0.2657371 0.4957282 0.3637796 0.4761726 0.9446990 0.8296429 0.8408793 0.8408793 1.0713562 9.0000000 
Drosophila_ananassae      0.0254798 0.0238140 0.0216016 0.0155675 0.0000000 0.0265934 0.0757557 0.1441935 0.1695062 0.1101204 0.1512959 0.1154185 0.2472002 0.2335241 0.2684423 0.5087159 0.3692802 0.4830693 0.9772014 0.8159434 0.8213782 0.8268728 1.0323754 9.0000000 
Drosophila_pseudoobscura  0.0338928 0.0310727 0.0277094 0.0260363 0.0265934 0.0000000 0.0863217 0.1520117 0.1792444 0.1147531 0.1592269 0.1241494 0.2621529 0.2463344 0.2784883 0.5280924 0.3726098 0.5131212 1.0282260 0.7870640 0.7870640 0.7973736 0.9962151 9.0000000 
Drosophila_grimshawi      0.0702511 0.0660112 0.0733017 0.0739141 0.0757557 0.0863217 0.0000000 0.1800014 0.1977365 0.1463137 0.1985220 0.1606825 0.1985220 0.2729836 0.3108806 0.5530197 0.4316406 0.3815988 0.7896215 1.0850557 1.0850557 1.0944017 0.7794689 9.0000000 
Drosophila_nanella        0.1406798 0.1385834 0.1427851 0.1434888 0.1441935 0.1520117 0.1800014 0.0000000 0.2472002 0.2144978 0.2585942 0.2210338 0.3561790 0.3050097 0.3330170 0.5929079 0.4521038 0.5929079 0.9962151 1.1989476 1.1874529 1.1989476 1.5455212 9.0000000 
Drosophila_cfdives        0.1628739 0.1577755 0.1650749 0.1672856 0.1695062 0.1792444 0.1977365 0.2472002 0.0000000 0.2420277 0.2906271 0.2454700 0.3551026 0.3218263 0.3340468 0.6574542 0.4534110 0.6087265 0.9076450 1.2542186 1.2673772 1.2673772 1.6343618 9.0000000 
Scaptomyza_cyrtandrae     0.1068374 0.1035758 0.1074923 0.1068374 0.1101204 0.1147531 0.1463137 0.2144978 0.2420277 0.0000000 0.1969521 0.1636065 0.3208212 0.3268819 0.3248535 0.5692549 0.4341531 0.5220500 0.9734839 1.0241108 1.0001062 1.0079803 1.3706844 9.0000000 
Scaptomyza_varipicta      0.1463137 0.1441935 0.1470224 0.1463137 0.1512959 0.1592269 0.1985220 0.2585942 0.2906271 0.1969521 0.0000000 0.2128771 0.3804663 0.3626867 0.3648749 0.5594506 0.4443316 0.5963802 0.9734839 1.1762164 1.2227617 1.2477669 1.9038601 9.0000000 
Scaptomyza_varia          0.1094621 0.1088046 0.1127624 0.1134251 0.1154185 0.1241494 0.1606825 0.2210338 0.2454700 0.1636065 0.2128771 0.0000000 0.3413159 0.3168212 0.3289186 0.5725662 0.4547216 0.5594506 0.9809467 0.9772014 0.9624944 0.9847203 1.3545539 9.0000000 
Drosophila_macrothrix     0.2343680 0.2284905 0.2454700 0.2446072 0.2472002 0.2621529 0.1985220 0.3561790 0.3551026 0.3208212 0.3804663 0.3413159 0.0000000 0.4083806 0.4328953 0.5562248 0.4900624 0.4341531 0.7006021 9.0000000 2.7329741 9.0000000 1.5693353 9.0000000 
Drosophila_mimica         0.2326816 0.2284905 0.2335241 0.2293259 0.2335241 0.2463344 0.2729836 0.3050097 0.3218263 0.3268819 0.3626867 0.3168212 0.4083806 0.0000000 0.3782090 0.6033978 0.4547216 0.5929079 0.8611719 2.7329741 2.3864005 2.2748287 9.0000000 9.0000000 
Drosophila_atroscutellata 0.2621529 0.2612608 0.2684423 0.2657371 0.2684423 0.2784883 0.3108806 0.3330170 0.3340468 0.3248535 0.3648749 0.3289186 0.4328953 0.3782090 0.0000000 0.5963802 0.3930672 0.6033978 0.8213782 9.0000000 9.0000000 9.0000000 9.0000000 9.0000000 
Drosophila_primaeva       0.4957282 0.4971547 0.5000200 0.4957282 0.5087159 0.5280924 0.5530197 0.5929079 0.6574542 0.5692549 0.5594506 0.5725662 0.5562248 0.6033978 0.5963802 0.0000000 0.5546197 0.6123107 0.7158538 9.0000000 9.0000000 9.0000000 9.0000000 9.0000000 
Drosophila_tanythrix      0.3637796 0.3692802 0.3714975 0.3637796 0.3692802 0.3726098 0.4316406 0.4521038 0.4534110 0.4341531 0.4443316 0.4547216 0.4900624 0.4547216 0.3930672 0.5546197 0.0000000 0.6123107 0.8761881 9.0000000 9.0000000 9.0000000 9.0000000 9.0000000 
Drosophila_sproati        0.4844601 0.4802992 0.4943057 0.4761726 0.4830693 0.5131212 0.3815988 0.5929079 0.6087265 0.5220500 0.5963802 0.5594506 0.4341531 0.5929079 0.6033978 0.6123107 0.6123107 0.0000000 0.6016342 9.0000000 9.0000000 9.0000000 9.0000000 9.0000000 
Drosophila_picticornis    0.9309050 0.9208036 0.9624944 0.9446990 0.9772014 1.0282260 0.7896215 0.9962151 0.9076450 0.9734839 0.9734839 0.9809467 0.7006021 0.8611719 0.8213782 0.7158538 0.8761881 0.6016342 0.0000000 9.0000000 9.0000000 9.0000000 9.0000000 9.0000000 
Scaptomyza_hsui           0.8241179 0.8105670 0.7999846 0.8296429 0.8159434 0.7870640 1.0850557 1.1989476 1.2542186 1.0241108 1.1762164 0.9772014 9.0000000 2.7329741 9.0000000 9.0000000 9.0000000 9.0000000 9.0000000 0.0000000 0.0293882 0.0293882 0.0757557 0.6554895 
Scaptomyza_graminum       0.8241179 0.8159434 0.7999846 0.8408793 0.8213782 0.7870640 1.0850557 1.1874529 1.2673772 1.0001062 1.2227617 0.9624944 2.7329741 2.3864005 9.0000000 9.0000000 9.0000000 9.0000000 9.0000000 0.0293882 0.0000000 0.0260363 0.0757557 0.6673948 
Scaptomyza_montana        0.8296429 0.8213782 0.8052478 0.8408793 0.8268728 0.7973736 1.0944017 1.1989476 1.2673772 1.0079803 1.2477669 0.9847203 9.0000000 2.2748287 9.0000000 9.0000000 9.0000000 9.0000000 9.0000000 0.0293882 0.0260363 0.0000000 0.0782218 0.6837228 
Drosophila_murphyi        1.0282260 1.0241108 1.0079803 1.0713562 1.0323754 0.9962151 0.7794689 1.5455212 1.6343618 1.3706844 1.9038601 1.3545539 1.5693353 9.0000000 9.0000000 9.0000000 9.0000000 9.0000000 9.0000000 0.0757557 0.0757557 0.0782218 0.0000000 0.6942054 
Scaptomyza_pallida        9.0000000 9.0000000 9.0000000 9.0000000 9.0000000 9.0000000 9.0000000 9.0000000 9.0000000 9.0000000 9.0000000 9.0000000 9.0000000 9.0000000 9.0000000 9.0000000 9.0000000 9.0000000 9.0000000 0.6554895 0.6673948 0.6837228 0.6942054 0.0000000 
